hong 1616.8426002990489
kong 1575.0444780937512
civil 622.3337855854794
aviat 311.3692427444846
depart 1127.6734549441314
statist 391.54030702666665
cargo 497.8884486162725
handl 622.3337855854794
august 1143.3360750162494
total 2253.838115732288
region 1726.3934742286344
rose 1539.8989698279786
6.7 140.8588038561127
cent 1307.593985853431
compar 1685.6283371872928
month 3566.7855956241087
year 5420.477651601148
air 793.4054982261064
import 780.2923413879581
schedul 1068.3060230221063
flight 427.6695494891373
reach 1668.5322728333479
59,910 10.35806023475132
tonn 896.2173103653131
71,675 10.35806023475132
export 1123.7469301216886
figur 1525.758889128807
round 677.5927811822038
tabl 338.5517210235575
1996 2241.696127157712
- 608.3197598309673
unload 58.88505059987205
load 278.056405891654
pct 108.06604067190486
chang 2202.0344744549275
aug 147.24655922394658
95 522.3787239867071
africa 316.845756895394
195 43.743111611586095
241 19.32982610838275
20.0 10.35806023475132
asia 1048.2867304023803
4,013 10.35806023475132
4,824 10.35806023475132
12.0 58.88505059987205
australasia 27.778343838249633
2,996 10.35806023475132
2,676 10.35806023475132
-6.1 10.35806023475132
continent 272.42401488992755
europ 1281.3408420352102
8,850 10.35806023475132
9,449 10.35806023475132
1.6 159.8743911906461
japan 802.1137410982597
5,570 19.32982610838275
12,197 19.32982610838275
2.4 166.11901843290994
mainland 417.4215720111145
china 2158.9729661517913
1,841 19.32982610838275
2,896 19.32982610838275
9.5 94.47784301955984
middl 442.9348579330138
east 789.0412642519698
700 305.87189375293934
1,291 10.35806023475132
2.7 114.75015050473665
se 19.32982610838275
15,306 10.35806023475132
10,845 10.35806023475132
8.0 127.92239714181677
south 1060.3124795368133
america 1032.185302400647
66 178.479610247078
65 305.87189375293934
-21.2 10.35806023475132
taiwan 617.6716464249172
9,938 10.35806023475132
7,163 10.35806023475132
27.0 10.35806023475132
uk 640.892243644678
3,380 10.35806023475132
3,850 19.32982610838275
14.0 35.88706349452572
usa/canada 10.35806023475132
6,940 10.35806023475132
16,176 10.35806023475132
0.1 35.88706349452572
newsroom 1760.0847241432286
tel+44 311.3692427444846
171 691.2183121811274
542 636.2659830124047
7706 243.8834866666276
fax+44 226.43123821839973
5017 266.7672312254954
