hong 1616.8426002990489
kong 1575.0444780937512
civil 622.3337855854794
aviat 311.3692427444846
depart 1127.6734549441314
statist 391.54030702666665
total 2253.838115732288
air 793.4054982261064
cargo 497.8884486162725
handl 622.3337855854794
august 1143.3360750162494
countri 1729.7739155908284
rose 1539.8989698279786
6.7 140.8588038561127
percent 4569.304278079905
compar 1685.6283371872928
month 3566.7855956241087
year 5420.477651601148
import 780.2923413879581
schedul 1068.3060230221063
non-schedul 10.35806023475132
flight 427.6695494891373
reach 1668.5322728333479
59,910.5 10.35806023475132
tonn 896.2173103653131
71,674.9 10.35806023475132
export 1123.7469301216886
top 1918.4588808234282
15 1447.121516136723
figur 1525.758889128807
round 677.5927811822038
tabl 338.5517210235575
alphabet 19.32982610838275
order 1288.860123159209
1996 2241.696127157712
unload 58.88505059987205
load 278.056405891654
pct 108.06604067190486
chang 2202.0344744549275
juli 1341.087750527561
95 522.3787239867071
australia 659.3103220137074
2,675 10.35806023475132
2,327 19.32982610838275
-8.65 10.35806023475132
canada 853.8151517220676
1,836 10.35806023475132
1,508 10.35806023475132
8.95 19.32982610838275
china 2158.9729661517913
mainland 417.4215720111145
1,841 19.32982610838275
2,896 19.32982610838275
9.46 10.35806023475132
franc 913.0134181895177
1,720 10.35806023475132
2,010 10.35806023475132
5.69 10.35806023475132
germani 556.1963561552145
3,365 10.35806023475132
3,866 10.35806023475132
4.70 19.32982610838275
japan 802.1137410982597
5,570 19.32982610838275
12,197 19.32982610838275
2.35 19.32982610838275
south 1060.3124795368133
korea 266.7672312254954
3,026 10.35806023475132
3,867 10.35806023475132
7.95 10.35806023475132
malaysia 238.09492606416674
2,052 10.35806023475132
1.634 10.35806023475132
5.00 19.32982610838275
netherland 178.479610247078
1,142 10.35806023475132
1,167 10.35806023475132
philippin 214.6462639382514
1,600 19.32982610838275
1,737 10.35806023475132
-6.12 10.35806023475132
singapor 483.0524974863894
4,430 10.35806023475132
3,945 10.35806023475132
12.30 10.35806023475132
taiwan 617.6716464249172
9,880 10.35806023475132
7,161 10.35806023475132
26.98 10.35806023475132
thailand 226.43123821839973
5,475 10.35806023475132
2,380 10.35806023475132
6.62 19.32982610838275
uk 640.892243644678
3,378 10.35806023475132
3,850 19.32982610838275
13.72 10.35806023475132
usa 134.4183925833928
4.812 10.35806023475132
14,722 10.35806023475132
-1.15 10.35806023475132
- 608.3197598309673
newsroom 1760.0847241432286
tel+44 311.3692427444846
171 691.2183121811274
542 636.2659830124047
7706 243.8834866666276
fax+44 226.43123821839973
5017 266.7672312254954
