korean 184.59905611497578
air 793.4054982261064
kal 10.35806023475132
8.4 43.743111611586095
percent 4569.304278079905
rise 2043.3535085157885
amount 1052.3000678471087
cargo 497.8884486162725
weight 359.9555111142559
domest 1410.87389013691
intern 2709.616128538123
flight 427.6695494891373
juli 1341.087750527561
compar 1685.6283371872928
month 3566.7855956241087
year 5420.477651601148
august 1143.3360750162494
6.3 305.87189375293934
increas 2706.8310498209785
2.6 114.75015050473665
drop 1258.6933312768451
july' 35.88706349452572
load 278.056405891654
factor 767.1171111553085
2.4 166.11901843290994
fall 1515.122609008702
statist 391.54030702666665
period 1366.9414782850474
aftk 10.35806023475132
'95 10.35806023475132
pct 108.06604067190486
chge 10.35806023475132
95 522.3787239867071
intl 10.35806023475132
560 127.92239714181677
512 10.35806023475132
9.4 58.88505059987205
62 127.92239714181677
57 300.35326656006237
8.8 51.3978045931396
cumul 43.743111611586095
3,641 10.35806023475132
3,217 10.35806023475132
13.2 43.743111611586095
397 19.32982610838275
367 27.778343838249633
8.2 73.44752091673591
16 815.1262139439093
12 1174.4564556038204
28.1 35.88706349452572
17 736.1260366022403
15 1447.121516136723
13.3 27.778343838249633
99 108.06604067190486
88 140.8588038561127
13.6 35.88706349452572
130 178.479610247078
119 10.35806023475132
9.2 58.88505059987205
total 2253.838115732288
576 10.35806023475132
524 10.35806023475132
9.8 66.22894954457188
79 87.56181458148245
72 147.24655922394658
9.7 27.778343838249633
3,740 10.35806023475132
3,300 19.32982610838275
527 19.32982610838275
486 19.32982610838275
547 10.35806023475132
483 43.743111611586095
13.4 114.75015050473665
60 929.7186090949998
55 327.73796470337675
9.1 73.44752091673591
4,188 10.35806023475132
3,699 10.35806023475132
457 27.778343838249633
422 10.35806023475132
8.3 202.73216773818052
25.1 35.88706349452572
0.0 10.35806023475132
115 66.22894954457188
100 1016.0058206651412
15.0 19.32982610838275
146 35.88706349452572
135 94.47784301955984
8.1 80.55475141757273
563 10.35806023475132
495 27.778343838249633
13.7 73.44752091673591
76 159.8743911906461
71 121.36754420018462
7.0 101.31044140476719
4,303 10.35806023475132
3,799 10.35806023475132
603 19.32982610838275
557 10.35806023475132
ftk 27.778343838249633
419 27.778343838249633
380 43.743111611586095
10.1 43.743111611586095
75 580.0369115089162
74 134.4183925833928
0.5 94.47784301955984
2,693 10.35806023475132
2,465 10.35806023475132
9.3 87.56181458148245
-2.7 10.35806023475132
6 359.9555111142559
5 497.8884486162725
12.0 58.88505059987205
36 238.09492606416674
41 184.59905611497578
-5.1 10.35806023475132
46 294.812898524145
10.2 94.47784301955984
47 202.73216773818052
-1.4 10.35806023475132
424 19.32982610838275
386 10.35806023475132
73 108.06604067190486
0.2 43.743111611586095
2,739 10.35806023475132
2,507 10.35806023475132
-2.6 10.35806023475132
411 10.35806023475132
366 35.88706349452572
12.3 35.88706349452572
-0.7 10.35806023475132
3,104 10.35806023475132
2,831 10.35806023475132
77 140.8588038561127
-2.4 10.35806023475132
2.2 127.92239714181677
43 333.1544588408344
-7.9 10.35806023475132
51 294.812898524145
44 709.2739701202646
-2.3 10.35806023475132
416 140.8588038561127
371 66.22894954457188
12.2 58.88505059987205
-1.0 10.35806023475132
3,155 10.35806023475132
2,878 10.35806023475132
9.6 51.3978045931396
kal' 10.35806023475132
number 2096.810023883802
passeng 541.76784896862
carri 1115.8807032182617
1.341.400 10.35806023475132
1,224,200 10.35806023475132
1,580,000 10.35806023475132
1,439,200 10.35806023475132
&amp; 1599.4758297108901
unit: 10.35806023475132
1,000,000 10.35806023475132
ton.km 10.35806023475132
unit:1,000 10.35806023475132
ton 127.92239714181677
- 608.3197598309673
newsroom 1760.0847241432286
tel+44 311.3692427444846
171 691.2183121811274
542 636.2659830124047
7706 243.8834866666276
fax+44 226.43123821839973
5017 266.7672312254954
